1 364786
1.14573 366326
1.29146 718026
1.43719 1.78814e+06
1.58291 3.94491e+06
1.72864 7.55658e+06
1.87437 1.29914e+07
2.0201 2.06177e+07
2.16583 3.08036e+07
2.31156 4.39174e+07
2.45729 6.03273e+07
2.60302 8.04017e+07
2.74874 1.04509e+08
2.89447 1.33017e+08
3.0402 1.66294e+08
3.18593 2.04708e+08
3.33166 2.48628e+08
3.47739 2.98422e+08
3.62312 3.54459e+08
3.76884 4.17105e+08
3.91457 226061
4.0603 -117726
4.20603 -1.13203e+06
4.35176 -2.9611e+06
4.49749 -5.74916e+06
4.64322 -9.64046e+06
4.78894 -1.47792e+07
4.93467 -2.13097e+07
5.0804 -2.93761e+07
5.22613 -3.91228e+07
5.37186 -5.06938e+07
5.51759 -6.42335e+07
5.66332 -7.98861e+07
5.80905 -9.77959e+07
5.95477 -1.18107e+08
6.1005 -1.40964e+08
6.24623 -1.6651e+08
6.39196 -1.94891e+08
6.53769 -2.2625e+08
6.68342 -2.60732e+08
6.82915 188421
6.97487 296313
7.1206 835069
7.26633 2.15233e+06
7.41206 4.59574e+06
7.55779 8.51293e+06
7.70352 1.42516e+07
7.84925 2.21592e+07
7.99497 3.25837e+07
8.1407 4.58724e+07
8.28643 6.23732e+07
8.43216 8.24336e+07
8.57789 1.06401e+08
8.72362 1.34624e+08
8.86935 1.67449e+08
9.01508 2.05224e+08
9.1608 2.48297e+08
9.30653 2.97016e+08
9.45226 3.51728e+08
9.59799 4.12781e+08
9.74372 185005
9.88945 -1.22437e+06
10.0352 -8.22554e+06
10.1809 -2.53312e+07
10.3266 -5.70541e+07
10.4724 -1.07907e+08
10.6181 -1.82402e+08
10.7638 -2.85053e+08
10.9095 -4.20371e+08
11.0553 -5.92871e+08
11.201 -8.07063e+08
11.3467 -1.06746e+09
11.4925 -1.37858e+09
11.6382 -1.74493e+09
11.7839 -2.17102e+09
11.9296 -2.66137e+09
12.0754 -3.22049e+09
12.2211 -3.85289e+09
12.3668 -4.56309e+09
12.5126 -5.35559e+09
12.6583 357463
12.804 1.75216e+06
12.9497 7.48709e+06
13.0955 2.06622e+07
13.2412 4.43774e+07
13.3869 8.17327e+07
13.5327 1.35828e+08
13.6784 2.09763e+08
13.8241 3.06638e+08
13.9698 4.29553e+08
14.1156 5.81608e+08
14.2613 7.65903e+08
14.407 9.85537e+08
14.5528 1.24361e+09
14.6985 1.54322e+09
14.8442 1.88748e+09
14.9899 2.27947e+09
15.1357 2.7223e+09
15.2814 3.21907e+09
15.4271 3.77288e+09
15.5729 612365
15.7186 633501
15.8643 655905
16.0101 679976
16.1558 706116
16.3015 734724
16.4472 766203
16.593 800952
16.7387 839372
16.8844 881865
17.0302 928830
17.1759 980668
17.3216 1.03778e+06
17.4673 1.10057e+06
17.6131 1.16943e+06
17.7588 1.24477e+06
17.9045 1.32699e+06
18.0503 1.41648e+06
18.196 1.51366e+06
18.3417 1.61891e+06
18.4874 1.10996e+06
18.6332 -1.06379e+06
18.7789 -8.72104e+06
18.9246 -2.52899e+07
19.0704 -5.41984e+07
19.2161 -9.88746e+07
19.3618 -1.62747e+08
19.5075 -2.49242e+08
19.6533 -3.6179e+08
19.799 -5.03818e+08
19.9447 -6.78754e+08
20.0905 -8.90026e+08
20.2362 -1.14106e+09
20.3819 -1.43529e+09
20.5276 -1.77614e+09
20.6734 -2.16704e+09
20.8191 -2.61141e+09
20.9648 -3.11269e+09
21.1106 -3.6743e+09
21.2563 -4.29968e+09
21.402 2.46365e+06
21.5477 5.84735e+06
21.6935 1.66665e+07
21.8392 3.92944e+07
21.9849 7.81041e+07
22.1307 1.37469e+08
22.2764 2.21762e+08
22.4221 3.35356e+08
22.5678 4.82626e+08
22.7136 6.67943e+08
22.8593 8.95681e+08
23.005 1.17021e+09
23.1508 1.49591e+09
23.2965 1.87715e+09
23.4422 2.31831e+09
23.5879 2.82375e+09
23.7337 3.39785e+09
23.8794 4.04498e+09
24.0251 4.76952e+09
24.1709 5.57584e+09
24.3166 3.23084e+06
24.4623 3.28083e+06
24.608 3.32112e+06
24.7538 3.34678e+06
24.8995 3.35285e+06
25.0452 3.33439e+06
25.191 3.28647e+06
25.3367 3.20413e+06
25.4824 3.08244e+06
25.6281 2.91645e+06
25.7739 2.70122e+06
25.9196 2.43181e+06
26.0653 2.10326e+06
26.2111 1.71065e+06
26.3568 1.24902e+06
26.5025 713435
26.6482 98948
26.794 -599383
26.9397 -1.3865e+06
27.0854 -2.26735e+06
27.2312 -1.26486e+07
27.3769 -1.63137e+08
27.5226 -5.93783e+08
27.6683 -1.45203e+09
27.8141 -2.88534e+09
27.9598 -5.04116e+09
28.1055 -8.06692e+09
28.2513 -1.21101e+10
28.397 -1.73181e+10
28.5427 -2.38384e+10
28.6884 -3.18185e+10
28.8342 -4.14058e+10
28.9799 -5.27477e+10
29.1256 -6.59918e+10
29.2714 -8.12854e+10
29.4171 -9.87759e+10
29.5628 -1.18611e+11
29.7085 -1.40938e+11
29.8543 -1.65904e+11
30 -1.93657e+11
