1 364786
1.14573 5.4929e+14
1.29146 1.10699e+15
1.43719 1.67307e+15
1.58291 2.24752e+15
1.72864 2.8303e+15
1.87437 3.42139e+15
2.0201 4.02076e+15
2.16583 4.62839e+15
2.31156 5.24426e+15
2.45729 5.86834e+15
2.60302 6.5006e+15
2.74874 7.14101e+15
2.89447 7.78957e+15
3.0402 8.44623e+15
3.18593 9.11097e+15
3.33166 9.78377e+15
3.47739 1.04646e+16
3.62312 1.11534e+16
3.76884 1.18503e+16
3.91457 6.76389e+12
4.0603 6.55352e+13
4.20603 1.08221e+14
4.35176 1.34873e+14
4.49749 1.45545e+14
4.64322 1.4029e+14
4.78894 1.1916e+14
4.93467 8.22085e+13
5.0804 2.94881e+13
5.22613 -3.89483e+13
5.37186 -1.23048e+14
5.51759 -2.22758e+14
5.66332 -3.38025e+14
5.80905 -4.68797e+14
5.95477 -6.15021e+14
6.1005 -7.76644e+14
6.24623 -9.53613e+14
6.39196 -1.14588e+15
6.53769 -1.35338e+15
6.68342 -1.57607e+15
6.82915 6.23336e+12
6.97487 3.72339e+13
7.1206 6.7962e+13
7.26633 9.84238e+13
7.41206 1.28626e+14
7.55779 1.58573e+14
7.70352 1.88274e+14
7.84925 2.17733e+14
7.99497 2.46956e+14
8.1407 2.75951e+14
8.28643 3.04723e+14
8.43216 3.33279e+14
8.57789 3.61624e+14
8.72362 3.89765e+14
8.86935 4.17709e+14
9.01508 4.4546e+14
9.1608 4.73027e+14
9.30653 5.00414e+14
9.45226 5.27628e+14
9.59799 5.54676e+14
9.74372 5.86903e+12
9.88945 2.50957e+13
10.0352 4.38079e+13
10.1809 6.20103e+13
10.3266 7.97077e+13
10.4724 9.69048e+13
10.6181 1.13606e+14
10.7638 1.29817e+14
10.9095 1.45541e+14
11.0553 1.60784e+14
11.201 1.75551e+14
11.3467 1.89845e+14
11.4925 2.03672e+14
11.6382 2.17037e+14
11.7839 2.29944e+14
11.9296 2.42397e+14
12.0754 2.54403e+14
12.2211 2.65964e+14
12.3668 2.77087e+14
12.5126 2.87776e+14
12.6583 5.76335e+12
12.804 1.99433e+13
12.9497 3.37995e+13
13.0955 4.73354e+13
13.2412 6.05543e+13
13.3869 7.34596e+13
13.5327 8.60546e+13
13.6784 9.83427e+13
13.8241 1.10327e+14
13.9698 1.22011e+14
14.1156 1.33399e+14
14.2613 1.44493e+14
14.407 1.55297e+14
14.5528 1.65813e+14
14.6985 1.76047e+14
14.8442 1.86e+14
14.9899 1.95677e+14
15.1357 2.0508e+14
15.2814 2.14213e+14
15.4271 2.2308e+14
15.5729 5.85088e+12
15.7186 1.73825e+13
15.8643 2.86895e+13
16.0101 3.97744e+13
16.1558 5.06398e+13
16.3015 6.12885e+13
16.4472 7.17229e+13
16.593 8.19457e+13
16.7387 9.19596e+13
16.8844 1.01767e+14
17.0302 1.11371e+14
17.1759 1.20773e+14
17.3216 1.29977e+14
17.4673 1.38986e+14
17.6131 1.478e+14
17.7588 1.56425e+14
17.9045 1.64861e+14
18.0503 1.73111e+14
18.196 1.81179e+14
18.3417 1.89067e+14
18.4874 6.10732e+12
18.6332 1.61494e+13
18.7789 2.60224e+13
18.9246 3.57284e+13
19.0704 4.52695e+13
19.2161 5.46481e+13
19.3618 6.38662e+13
19.5075 7.29259e+13
19.6533 8.18294e+13
19.799 9.0579e+13
19.9447 9.91766e+13
20.0905 1.07625e+14
20.2362 1.15925e+14
20.3819 1.2408e+14
20.5276 1.32092e+14
20.6734 1.39963e+14
20.8191 1.47695e+14
20.9648 1.5529e+14
21.1106 1.6275e+14
21.2563 1.70078e+14
21.402 6.52605e+12
21.5477 1.57327e+13
21.6935 2.48043e+13
21.8392 3.37426e+13
21.9849 4.25496e+13
22.1307 5.12271e+13
22.2764 5.97771e+13
22.4221 6.82013e+13
22.5678 7.65018e+13
22.7136 8.46803e+13
22.8593 9.27388e+13
23.005 1.00679e+14
23.1508 1.08503e+14
23.2965 1.16213e+14
23.4422 1.2381e+14
23.5879 1.31296e+14
23.7337 1.38674e+14
23.8794 1.45945e+14
24.0251 1.53111e+14
24.1709 1.60174e+14
24.3166 7.11099e+12
24.4623 1.58967e+13
24.608 2.45696e+13
24.7538 3.31313e+13
24.8995 4.15837e+13
25.0452 4.99283e+13
25.191 5.8167e+13
25.3367 6.63015e+13
25.4824 7.43334e+13
25.6281 8.22646e+13
25.7739 9.00967e+13
25.9196 9.78314e+13
26.0653 1.05471e+14
26.2111 1.13016e+14
26.3568 1.20469e+14
26.5025 1.27831e+14
26.6482 1.35105e+14
26.794 1.42292e+14
26.9397 1.49394e+14
27.0854 1.56412e+14
27.2312 7.87334e+12
27.3769 1.65273e+13
27.5226 2.50837e+13
27.6683 3.35443e+13
27.8141 4.19106e+13
27.9598 5.01843e+13
28.1055 5.83671e+13
28.2513 6.64606e+13
28.397 7.44664e+13
28.5427 8.23863e+13
28.6884 9.02219e+13
28.8342 9.79749e+13
28.9799 1.05647e+14
29.1256 1.13239e+14
29.2714 1.20754e+14
29.4171 1.28193e+14
29.5628 1.35557e+14
29.7085 1.42849e+14
29.8543 1.5007e+14
30 1.57221e+14
