11
5 -1564.95 -2.95481e+19 6.25107e+19 -3.3794e+17
5.1 -2253.05 -2.86103e+19 7.73769e+19 -3.46203e+17
5.2 -1873.94 -2.77207e+19 1.07898e+20 -3.63887e+17
5.3 -1191.5 -2.68759e+19 1.83821e+20 -4.02216e+17
5.4 -455.539 -2.60729e+19 4.8184e+20 -5.00321e+17
5.5 404.819 -2.53089e+19 1.25096e+22 -9.48035e+17
5.6 1585.45 -2.45814e+19 -7.82348e+20 8.43729e+17
5.7 3216.8 -2.38881e+19 -2.01218e+20 9.92453e+16
5.8 5187.46 -2.32268e+19 -9.09976e+19 -2.6296e+16
5.9 6991.8 -2.25955e+19 -5.04487e+19 -7.25809e+16
6 7613.07 -2.19925e+19 -3.09258e+19 -9.62522e+16
