1.000000 364786.410161
1.145000 371377.005724
1.290000 373122.251460
1.435000 371040.832648
1.580000 366006.170794
1.725000 358761.716844
1.870000 349935.045633
2.015000 340050.820266
2.160000 329542.692387
2.305000 318764.201634
2.450000 307998.734955
2.595000 297468.603958
2.740000 287343.295960
2.885000 277746.952038
3.030000 268765.123009
3.175000 260450.852015
3.320000 252830.130154
3.465000 245906.769467
3.610000 239666.735481
3.755000 234081.979479
3.900000 229113.808717
4.045000 224715.830856
4.190000 220836.507051
4.335000 217421.346335
4.480000 214414.772172
4.625000 211761.690404
4.770000 209408.786127
4.915000 207305.575512
5.060000 205405.237015
5.205000 203665.244968
5.350000 202047.827099
5.495000 200520.266187
5.640000 199055.064698
5.785000 197629.989999
5.930000 196228.016507
6.075000 194837.179958
6.220000 193450.357839
6.365000 192064.988951
6.510000 190682.744012
6.655000 189309.158231
6.800000 187953.235798
6.945000 186627.035369
7.090000 185345.244699
7.235000 184124.751787
7.380000 182984.219097
7.525000 181943.666648
7.670000 181024.069084
7.815000 180246.971138
7.960000 179634.125282
8.105000 179207.154731
8.250000 178987.244429
8.395000 178994.862107
8.540000 179249.510971
8.685000 179769.515175
8.830000 180571.838743
8.975000 181671.938231
9.120000 183083.649050
9.265000 184819.105011
9.410000 186888.690361
9.555000 189301.023281
9.700000 192062.969559
9.845000 195179.684936
9.990000 198654.684400
10.135000 202489.936523
10.280000 206685.980798
10.425000 211242.065788
10.570000 216156.305775
10.715000 221425.853547
10.860000 227047.086846
11.005000 233015.805990
11.150000 239327.440140
11.295000 245977.259665
11.440000 252960.592087
11.585000 260273.039088
11.730000 267910.692126
11.875000 275870.344249
12.020000 284149.695769
12.165000 292747.551553
12.310000 301664.007762
12.455000 310900.626020
12.600000 320460.593064
12.745000 330348.864109
12.890000 340572.288265
13.035000 351139.714519
13.180000 362062.076934
13.325000 373352.457900
13.470000 385026.128441
13.615000 397100.564749
13.760000 409595.440309
13.905000 422532.593174
14.050000 435935.968130
14.195000 449831.533665
14.340000 464247.173915
14.485000 479212.555871
14.630000 494758.972403
14.775000 510919.161795
14.920000 527727.104729
15.065000 545217.799813
15.210000 563427.018945
15.355000 582391.044005
15.500000 602146.386526
15.645000 622729.492205
15.790000 644176.432216
15.935000 666522.583560
16.080000 689802.300719
16.225000 714048.581096
16.370000 739292.726897
16.515000 765564.006102
16.660000 792889.315454
16.805000 821292.848369
16.950000 850795.770832
17.095000 881415.908390
17.240000 913167.447446
17.385000 946060.654024
17.530000 980101.613385
17.675000 1015291.993640
17.820000 1051628.836759
17.965000 1089104.380164
18.110000 1127705.912110
18.255000 1167415.664152
18.400000 1208210.743589
18.545000 1250063.109010
18.690000 1292939.591786
18.835000 1336801.966155
18.980000 1381607.070540
19.125000 1427306.982366
19.270000 1473849.248612
19.415000 1521177.173888
19.560000 1569230.167712
19.705000 1617944.152295
19.850000 1667252.031875
19.995000 1717084.224063
20.140000 1767369.253703
20.285000 1818034.408876
20.430000 1869006.458393
20.575000 1920212.429990
20.720000 1971580.447089
20.865000 2023040.622443
21.010000 2074526.005645
21.155000 2125973.581087
21.300000 2177325.312549
21.445000 2228529.229381
21.590000 2279540.549208
21.735000 2330322.830439
21.880000 2380849.147988
22.025000 2431103.283940
22.170000 2481080.924680
22.315000 2530790.854484
22.460000 2580256.134871
22.605000 2629515.258463
22.750000 2678623.263714
22.895000 2727652.797386
23.040000 2776695.109147
23.185000 2825860.962407
23.330000 2875281.443716
23.475000 2925108.651647
23.620000 2975516.245346
23.765000 3026699.831139
23.910000 3078877.163930
24.055000 3132288.138906
24.200000 3187194.547661
24.345000 3243879.570894
24.490000 3302646.978310
24.635000 3363820.004376
24.780000 3427739.868110
24.925000 3494763.900379
25.070000 3565263.244149
25.215000 3639620.087976
25.360000 3718224.391809
25.505000 3801470.064407
25.650000 3889750.545228
25.795000 3983453.745873
25.940000 4082956.300794
26.085000 4188617.075925
26.230000 4300769.882637
26.375000 4419715.338346
26.520000 4545711.817404
26.665000 4678965.429771
26.810000 4819618.963089
26.955000 4967739.722628
27.100000 5123306.198887
27.245000 5286193.490444
27.390000 5456157.406998
27.535000 5632817.175398
27.680000 5815636.664923
27.825000 6003904.050398
27.970000 6196709.823521
28.115000 6392923.062149
28.260000 6591165.863869
28.405000 6789785.844566
28.550000 6986826.603474
28.695000 7179996.047684
28.840000 7366632.468338
28.985000 7543668.257469
29.130000 7707591.147865
29.275000 7854402.857738
29.420000 7979575.015224
29.565000 8078002.235271
29.710000 8143952.217518
29.855000 8171012.727501
30.000000 8152035.322456
