1 -1.54342e+09
1.14573 -4.97999e+08
1.29146 6.92502e+08
1.43719 1.47883e+09
1.58291 5.426e+08
1.72864 -1.35857e+09
1.87437 1.72407e+09
2.0201 -2.32737e+08
2.16583 -1.8385e+08
2.31156 -1.61093e+09
2.45729 1.69928e+09
2.60302 2.37345e+08
2.74874 1.78254e+09
2.89447 -7.64823e+08
3.0402 -1.27183e+09
3.18593 -1.28022e+09
3.33166 1.06846e+09
3.47739 -1.92219e+09
3.62312 4.65178e+08
3.76884 -2.08819e+09
3.91457 -8.74956e+08
4.0603 1.10263e+09
4.20603 4.87377e+08
4.35176 9.22837e+08
4.49749 3.22962e+08
4.64322 2.03831e+09
4.78894 -6.46285e+08
4.93467 -1.33978e+09
5.0804 5.60794e+08
5.22613 -1.49285e+08
5.37186 8.38283e+08
5.51759 1.47304e+09
5.66332 -1.51424e+09
5.80905 1.27459e+09
5.95477 -7.21417e+08
6.1005 -6.63673e+08
6.24623 3.79369e+08
6.39196 4.04463e+08
6.53769 1.78282e+09
6.68342 -1.89111e+09
6.82915 -1.22826e+09
6.97487 1.37095e+09
7.1206 -1.83841e+09
7.26633 -3.95732e+08
7.41206 -2.0612e+09
7.55779 -1.68246e+08
7.70352 -5.74886e+08
7.84925 -6.87665e+08
7.99497 -2.03261e+09
8.1407 -4.30243e+08
8.28643 -9.30634e+08
8.43216 -1.60416e+09
8.57789 -1.97023e+09
8.72362 -1.66824e+09
8.86935 2.05989e+09
9.01508 9.02516e+08
9.1608 1.85456e+09
9.30653 -1.07037e+09
9.45226 1.84799e+09
9.59799 1.40216e+09
9.74372 3.01073e+08
9.88945 2.06254e+09
10.0352 8.40616e+08
10.1809 -2.11162e+09
10.3266 1.63177e+09
10.4724 -1.60958e+09
10.6181 1.03699e+09
10.7638 -5.84571e+08
10.9095 1.40888e+09
11.0553 1.35906e+09
11.201 3.01008e+08
11.3467 6.1345e+08
11.4925 7.64845e+08
11.6382 -6.71863e+08
11.7839 1.73715e+09
11.9296 6.71155e+07
12.0754 -3.12055e+08
12.2211 8.17064e+08
12.3668 1.72911e+09
12.5126 1.72946e+09
12.6583 -4.36441e+08
12.804 1.15879e+08
12.9497 -6.94428e+08
13.0955 -1.30714e+09
13.2412 -1.76609e+09
13.3869 1.52443e+09
13.5327 -8.44448e+08
13.6784 -1.11145e+09
13.8241 -4.41014e+08
13.9698 -1.10182e+09
14.1156 9.09095e+08
14.2613 1.32242e+09
14.407 -1.61909e+09
14.5528 -1.10496e+09
14.6985 -1.89407e+09
14.8442 2.08915e+09
14.9899 -8.85685e+08
15.1357 1.31503e+09
15.2814 -9.21177e+07
15.4271 -9.66695e+08
15.5729 -7.10541e+08
15.7186 -6.35195e+08
15.8643 1.85837e+09
16.0101 1.83302e+09
16.1558 1.07281e+09
16.3015 8.2195e+08
16.4472 -1.20031e+09
16.593 -8.94862e+08
16.7387 6.78783e+08
16.8844 -1.29329e+09
17.0302 -1.00478e+09
17.1759 -1.9009e+09
17.3216 -2.04797e+09
17.4673 -8.07399e+08
17.6131 -1.01402e+09
17.7588 1.95981e+09
17.9045 6.66663e+08
18.0503 1.64209e+09
18.196 4.53279e+07
18.3417 -2.7378e+08
18.4874 -8.26468e+08
18.6332 1.16001e+08
18.7789 -8.45521e+08
18.9246 1.09052e+09
19.0704 -1.87112e+09
19.2161 8.62002e+08
19.3618 7.86987e+08
19.5075 1.80152e+09
19.6533 4.25933e+08
19.799 6.55746e+08
19.9447 -9.76385e+08
20.0905 1.9369e+06
20.2362 1.61665e+09
20.3819 -1.48558e+09
20.5276 -1.81556e+09
20.6734 -1.21142e+09
20.8191 1.60569e+09
20.9648 -2.05109e+09
21.1106 1.77822e+09
21.2563 -6.47544e+08
21.402 8.29145e+08
21.5477 -1.872e+09
21.6935 6.88871e+08
21.8392 -6.07749e+08
21.9849 -7.61548e+08
22.1307 5.06688e+08
22.2764 1.38776e+09
22.4221 5.92193e+08
22.5678 -9.16352e+07
22.7136 -1.90696e+09
22.8593 1.83344e+09
23.005 -2.08613e+09
23.1508 -1.77964e+09
23.2965 -1.36908e+09
23.4422 2.07501e+09
23.5879 -1.65737e+09
23.7337 -6.18873e+08
23.8794 1.17943e+09
24.0251 1.03574e+09
24.1709 1.43067e+09
24.3166 4.46733e+08
24.4623 -1.26791e+09
24.608 1.46861e+09
24.7538 -1.91183e+09
24.8995 1.26892e+09
25.0452 -9.00973e+08
25.191 7.14594e+08
25.3367 -7.74533e+08
25.4824 -2.13316e+09
25.6281 4.92495e+08
25.7739 6.65025e+08
25.9196 -6.98552e+08
26.0653 -7.81021e+08
26.2111 1.11644e+09
26.3568 -2.10197e+09
26.5025 -1.11355e+09
26.6482 1.45975e+08
26.794 -1.38644e+09
26.9397 3.32091e+08
27.0854 1.62594e+09
27.2312 -1.02598e+09
27.3769 1.72481e+09
27.5226 3.25655e+08
27.6683 1.64185e+09
27.8141 -1.86929e+09
27.9598 -3.79111e+08
28.1055 -1.25145e+09
28.2513 -1.20694e+09
28.397 7.27245e+08
28.5427 9.0651e+08
28.6884 -7.15477e+08
28.8342 8.50596e+08
28.9799 1.57899e+09
29.1256 1.70768e+09
29.2714 -1.02889e+09
29.4171 3.01838e+08
29.5628 3.23228e+08
29.7085 -5.04222e+08
29.8543 1.64067e+09
30 -7.27462e+08
